1013.25	307.8761	0
0	307.8761	0	9	0
5	307.8333	0	9	0
10	307.7850	0	9	0
15	307.7287	0	9	0
20	307.6724	0	9	0
25	307.6241	0	9	0
30	307.5811	0	9	0
35	307.5381	0	9	0
40	307.4807	0	9	0
45	307.4233	0	9	0
50	307.3659	0	9	0
55	307.3111	0	9	0
60	307.2663	0	9	0
65	307.2216	0	9	0
70	307.1769	0	9	0
75	307.1544	0	9	0
80	307.1375	0	9	0
85	307.1206	0	9	0
90	307.1036	0	9	0
95	307.0867	0	9	0
100	307.0698	0	9	0
105	307.0529	0	9	0
110	307.0359	0	9	0
115	307.0190	0	9	0
120	307.0021	0	9	0
125	306.9852	0	9	0
130	306.9683	0	9	0
135	306.9513	0	9	0
140	306.9388	0	9	0
145	306.9328	0	9	0
150	306.9268	0	9	0
155	306.9208	0	9	0
160	306.9187	0	9	0
165	306.9177	0	9	0
170	306.9166	0	9	0
175	306.9155	0	9	0
180	306.9144	0	9	0
185	306.9134	0	9	0
190	306.9123	0	9	0
195	306.9112	0	9	0
200	306.9102	0	9	0
205	306.9091	0	9	0
210	306.9080	0	9	0
215	306.9070	0	9	0
220	306.9059	0	9	0
225	306.9048	0	9	0
230	306.9038	0	9	0
235	306.9071	0	9	0
240	306.9115	0	9	0
245	306.9160	0	9	0
250	306.9204	0	9	0
255	306.9248	0	9	0
260	306.9292	0	9	0
265	306.9337	0	9	0
270	306.9381	0	9	0
275	306.9425	0	9	0
280	306.9469	0	9	0
285	306.9514	0	9	0
290	306.9558	0	9	0
295	306.9602	0	9	0
300	306.9646	0	9	0
305	306.9691	0	9	0
310	306.9735	0	9	0
315	306.9779	0	9	0
320	306.9823	0	9	0
325	306.9868	0	9	0
330	306.9912	0	9	0
335	306.9956	0	9	0
340	306.9981	0	9	0
345	306.9978	0	9	0
350	306.9974	0	9	0
355	306.9971	0	9	0
360	306.9967	0	9	0
365	306.9963	0	9	0
370	306.9960	0	9	0
375	306.9956	0	9	0
380	306.9953	0	9	0
385	306.9949	0	9	0
390	306.9946	0	9	0
395	306.9942	0	9	0
400	306.9938	0	9	0
405	306.9935	0	9	0
410	306.9931	0	9	0
415	306.9928	0	9	0
420	306.9924	0	9	0
425	306.9921	0	9	0
430	306.9917	0	9	0
435	306.9913	0	9	0
440	306.9910	0	9	0
445	306.9906	0	9	0
450	306.9903	0	9	0
455	306.9899	0	9	0
460	306.9896	0	9	0
465	306.9892	0	9	0
470	306.9888	0	9	0
475	306.9885	0	9	0
480	306.9881	0	9	0
485	306.9878	0	9	0
490	306.9874	0	9	0
495	306.9871	0	9	0
500	307.0057	0	9	0
505	307.0244	0	9	0
510	307.0430	0	9	0
515	307.0617	0	9	0
520	307.0803	0	9	0
525	307.0990	0	9	0
530	307.1176	0	9	0
535	307.1363	0	9	0
540	307.1549	0	9	0
545	307.1736	0	9	0
550	307.1922	0	9	0
555	307.2109	0	9	0
560	307.2295	0	9	0
565	307.2482	0	9	0
570	307.2668	0	9	0
575	307.2855	0	9	0
580	307.2880	0	9	0
585	307.2864	0	9	0
590	307.2849	0	9	0
595	307.2834	0	9	0
600	307.2818	0	9	0
605	307.2803	0	9	0
610	307.2898	0	9	0
615	307.3020	0	9	0
620	307.3142	0	9	0
625	307.3264	0	9	0
630	307.3387	0	9	0
635	307.3509	0	9	0
640	307.3631	0	9	0
645	307.3753	0	9	0
650	307.3876	0	9	0
655	307.4104	0	9	0
660	307.4493	0	9	0
665	307.4881	0	9	0
670	307.5269	0	9	0
675	307.5658	0	9	0
680	307.6046	0	9	0
685	307.6434	0	9	0
690	307.6823	0	9	0
695	307.7211	0	9	0
700	307.7600	0	9	0
705	307.7988	0	9	0
710	307.8376	0	9	0
715	307.8765	0	9	0
720	307.9153	0	9	0
725	307.9541	0	9	0
730	307.9942	0	9	0
735	308.0351	0	9	0
740	308.0658	0	9	0
745	308.0941	0	9	0
750	308.1227	0	9	0
755	308.1608	0	9	0
760	308.2011	0	9	0
765	308.2407	0	9	0
770	308.2799	0	9	0
775	308.3370	0	9	0
780	308.4018	0	9	0
785	308.4666	0	9	0
790	308.5265	0	9	0
795	308.5846	0	9	0
800	308.6431	0	9	0
805	308.7048	0	9	0
810	308.7686	0	9	0
815	308.8324	0	9	0
820	308.8915	0	9	0
825	308.9320	0	9	0
830	308.9725	0	9	0
835	309.0130	0	9	0
840	309.0535	0	9	0
845	309.0940	0	9	0
850	309.1344	0	9	0
855	309.1749	0	9	0
860	309.2154	0	9	0
865	309.2476	0	9	0
870	309.2674	0	9	0
875	309.2873	0	9	0
880	309.3071	0	9	0
885	309.3269	0	9	0
890	309.3583	0	9	0
895	309.3898	0	9	0
900	309.4212	0	9	0
905	309.4527	0	9	0
910	309.4841	0	9	0
915	309.5156	0	9	0
920	309.5470	0	9	0
925	309.5722	0	9	0
930	309.5974	0	9	0
935	309.6226	0	9	0
940	309.6566	0	9	0
945	309.6906	0	9	0
950	309.7245	0	9	0
955	309.7585	0	9	0
960	309.7925	0	9	0
965	309.8265	0	9	0
970	309.8520	0	9	0
975	309.8719	0	9	0
980	309.8918	0	9	0
985	309.9116	0	9	0
990	309.9315	0	9	0
995	309.9514	0	9	0
1000	309.9713	0	9	0
1005	309.9911	0	9	0
1010	310.0110	0	9	0
1015	310.0309	0	9	0
1020	310.0507	0	9	0
1025	310.0706	0	9	0
1030	310.0942	0	9	0
1035	310.1203	0	9	0
1040	310.1581	0	9	0
1045	310.1952	0	9	0
1050	310.2269	0	9	0
1055	310.2586	0	9	0
1060	310.2902	0	9	0
1065	310.3219	0	9	0
1070	310.3536	0	9	0
1075	310.3853	0	9	0
1080	310.4170	0	9	0
1085	310.4470	0	9	0
1090	310.4758	0	9	0
1095	310.5046	0	9	0
1100	310.5334	0	9	0
1105	310.5621	0	9	0
1110	310.5909	0	9	0
1115	310.6197	0	9	0
1120	310.6485	0	9	0
1125	310.6773	0	9	0
1130	310.7061	0	9	0
1135	310.7349	0	9	0
1140	310.7637	0	9	0
1145	310.7925	0	9	0
1150	310.8213	0	9	0
1155	310.8593	0	9	0
1160	310.8972	0	9	0
1165	310.9352	0	9	0
1170	310.9732	0	9	0
1175	311.0112	0	9	0
1180	311.0492	0	9	0
1185	311.0872	0	9	0
1190	311.1252	0	9	0
1195	311.1631	0	9	0
1200	311.2011	0	9	0
1205	311.2391	0	9	0
1210	311.2678	0	9	0
1215	311.2941	0	9	0
1220	311.3205	0	9	0
1225	311.3468	0	9	0
1230	311.3732	0	9	0
1235	311.3996	0	9	0
1240	311.4139	0	9	0
1245	311.4257	0	9	0
1250	311.4369	0	9	0
1255	311.4480	0	9	0
1260	311.4592	0	9	0
1265	311.4704	0	9	0
1270	311.4816	0	9	0
1275	311.4928	0	9	0
1280	311.5071	0	9	0
1285	311.5234	0	9	0
1290	311.5398	0	9	0
1295	311.5561	0	9	0
1300	311.5725	0	9	0
1305	311.5888	0	9	0
1310	311.6052	0	9	0
1315	311.6215	0	9	0
1320	311.6397	0	9	0
1325	311.6582	0	9	0
1330	311.6798	0	9	0
1335	311.7134	0	9	0
1340	311.7469	0	9	0
1345	311.7805	0	9	0
1350	311.8140	0	9	0
1355	311.8476	0	9	0
1360	311.8812	0	9	0
1365	311.9147	0	9	0
1370	311.9483	0	9	0
1375	311.9819	0	9	0
1380	312.0154	0	9	0
1385	312.0490	0	9	0
1390	312.0825	0	9	0
1395	312.1161	0	9	0
1400	312.1497	0	9	0
1405	312.1832	0	9	0
1410	312.2168	0	9	0
1415	312.2504	0	9	0
1420	312.2839	0	9	0
1425	312.3175	0	9	0
1430	312.3533	0	9	0
1435	312.3891	0	9	0
1440	312.4249	0	9	0
1445	312.4542	0	9	0
1450	312.4791	0	9	0
1455	312.5040	0	9	0
1460	312.5290	0	9	0
1465	312.5539	0	9	0
1470	312.5789	0	9	0
1475	312.6038	0	9	0
1480	312.6288	0	9	0
1485	312.6537	0	9	0
1490	312.6787	0	9	0
1495	312.7036	0	9	0
1500	312.7268	0	9	0
1505	312.7552	0	9	0
1510	312.7852	0	9	0
1515	312.8152	0	9	0
1520	312.8452	0	9	0
1525	312.8753	0	9	0
1530	312.9053	0	9	0
1535	312.9353	0	9	0
1540	312.9901	0	9	0
1545	313.0449	0	9	0
1550	313.0997	0	9	0
1555	313.1546	0	9	0
1560	313.2094	0	9	0
1565	313.2642	0	9	0
1570	313.3180	0	9	0
1575	313.3712	0	9	0
1580	313.4243	0	9	0
1585	313.4775	0	9	0
1590	313.5289	0	9	0
1595	313.5730	0	9	0
1600	313.6171	0	9	0
1605	313.6613	0	9	0
1610	313.6894	0	9	0
1615	313.7176	0	9	0
1620	313.7458	0	9	0
1625	313.7740	0	9	0
1630	313.8021	0	9	0
1635	313.8303	0	9	0
1640	313.8585	0	9	0
1645	313.8867	0	9	0
1650	313.9148	0	9	0
1655	313.9430	0	9	0
1660	313.9662	0	9	0
1665	313.9819	0	9	0
1670	313.9977	0	9	0
1675	314.0134	0	9	0
1680	314.0291	0	9	0
1685	314.0449	0	9	0
1690	314.0606	0	9	0
1695	314.0763	0	9	0
1700	314.0921	0	9	0
1705	314.1078	0	9	0
1710	314.1235	0	9	0
1715	314.1393	0	9	0
1720	314.1550	0	9	0
1725	314.1707	0	9	0
1730	314.1865	0	9	0
1735	314.2044	0	9	0
1740	314.2230	0	9	0
1745	314.2415	0	9	0
1750	314.2600	0	9	0
1755	314.2786	0	9	0
1760	314.2971	0	9	0
1765	314.3156	0	9	0
1770	314.3342	0	9	0
1775	314.3527	0	9	0
1780	314.3712	0	9	0
1785	314.3897	0	9	0
1790	314.4083	0	9	0
1795	314.4268	0	9	0
1800	314.4453	0	9	0
1805	314.4639	0	9	0
1810	314.4824	0	9	0
1815	314.4999	0	9	0
1820	314.5160	0	9	0
1825	314.5320	0	9	0
1830	314.5489	0	9	0
1835	314.5659	0	9	0
1840	314.5875	0	9	0
1845	314.6121	0	9	0
1850	314.6367	0	9	0
1855	314.6613	0	9	0
1860	314.6859	0	9	0
1865	314.7105	0	9	0
1870	314.7312	0	9	0
1875	314.7492	0	9	0
1880	314.7673	0	9	0
1885	314.7853	0	9	0
1890	314.8033	0	9	0
1895	314.8214	0	9	0
1900	314.8394	0	9	0
1905	314.8575	0	9	0
1910	314.8755	0	9	0
1915	314.8935	0	9	0
1920	314.9116	0	9	0
1925	314.9296	0	9	0
1930	314.9476	0	9	0
1935	314.9657	0	9	0
1940	314.9837	0	9	0
1945	315.0018	0	9	0
1950	315.0198	0	9	0
1955	315.0370	0	9	0
1960	315.0506	0	9	0
1965	315.0642	0	9	0
1970	315.0779	0	9	0
1975	315.0915	0	9	0
1980	315.1052	0	9	0
1985	315.1188	0	9	0
1990	315.1324	0	9	0
1995	315.1461	0	9	0
2000	315.1597	0	9	0
2005	315.1734	0	9	0
2010	315.1870	0	9	0
2015	315.2006	0	9	0
2020	315.2143	0	9	0
2025	315.2279	0	9	0
2030	315.2416	0	9	0
2035	315.2552	0	9	0
2040	315.2688	0	9	0
2045	315.2825	0	9	0
2050	315.2961	0	9	0
2055	315.3098	0	9	0
2060	315.3234	0	9	0
2065	315.3370	0	9	0
2070	315.3507	0	9	0
2075	315.3643	0	9	0
2080	315.3780	0	9	0
2085	315.3916	0	9	0
2090	315.4052	0	9	0
2095	315.4189	0	9	0
2100	315.4325	0	9	0
2105	315.4462	0	9	0
2110	315.4598	0	9	0
2115	315.4734	0	9	0
2120	315.4871	0	9	0
2125	315.5007	0	9	0
2130	315.5144	0	9	0
2135	315.5280	0	9	0
2140	315.5416	0	9	0
2145	315.5553	0	9	0
2150	315.5689	0	9	0
2155	315.5826	0	9	0
2160	315.5949	0	9	0
2165	315.6053	0	9	0
2170	315.6157	0	9	0
2175	315.6261	0	9	0
2180	315.6365	0	9	0
2185	315.6469	0	9	0
2190	315.6573	0	9	0
2195	315.6677	0	9	0
2200	315.6781	0	9	0
2205	315.6885	0	9	0
2210	315.6989	0	9	0
2215	315.7093	0	9	0
2220	315.7197	0	9	0
2225	315.7301	0	9	0
2230	315.7405	0	9	0
2235	315.7509	0	9	0
2240	315.7613	0	9	0
2245	315.7717	0	9	0
2250	315.7821	0	9	0
2255	315.7925	0	9	0
2260	315.8028	0	9	0
2265	315.8132	0	9	0
2270	315.8360	0	9	0
2275	315.8572	0	9	0
2280	315.8785	0	9	0
2285	315.8997	0	9	0
2290	315.9209	0	9	0
2295	315.9421	0	9	0
2300	315.9633	0	9	0
2305	315.9908	0	9	0
2310	316.0199	0	9	0
2315	316.0490	0	9	0
2320	316.0780	0	9	0
2325	316.1071	0	9	0
2330	316.1362	0	9	0
2335	316.1653	0	9	0
2340	316.1943	0	9	0
2345	316.2239	0	9	0
2350	316.2557	0	9	0
2355	316.2874	0	9	0
2360	316.3191	0	9	0
2365	316.3508	0	9	0
2370	316.3825	0	9	0
2375	316.4121	0	9	0
2380	316.4332	0	9	0
2385	316.4544	0	9	0
2390	316.4756	0	9	0
2395	316.4968	0	9	0
2400	316.5180	0	9	0
2405	316.5392	0	9	0
2410	316.5604	0	9	0
2415	316.5815	0	9	0
2420	316.6025	0	9	0
2425	316.6228	0	9	0
2430	316.6428	0	9	0
2435	316.6628	0	9	0
2440	316.6821	0	9	0
2445	316.7008	0	9	0
2450	316.7195	0	9	0
2455	316.7356	0	9	0
2460	316.7517	0	9	0
2465	316.7678	0	9	0
2470	316.7839	0	9	0
2475	316.8000	0	9	0
2480	316.8161	0	9	0
2485	316.8322	0	9	0
2490	316.8483	0	9	0
2495	316.8644	0	9	0
2500	316.8805	0	9	0
2505	316.8954	0	9	0
2510	316.9085	0	9	0
2515	316.9206	0	9	0
2520	316.9327	0	9	0
2525	316.9375	0	9	0
2530	316.9405	0	9	0
2535	316.9435	0	9	0
2540	316.9465	0	9	0
2545	316.9496	0	9	0
2550	316.9526	0	9	0
2555	316.9556	0	9	0
2560	316.9586	0	9	0
2565	316.9616	0	9	0
2570	316.9647	0	9	0
2575	316.9677	0	9	0
2580	316.9707	0	9	0
2585	316.9737	0	9	0
2590	316.9767	0	9	0
2595	316.9797	0	9	0
2600	316.9832	0	9	0
2605	316.9867	0	9	0
2610	316.9902	0	9	0
2615	316.9937	0	9	0
2620	316.9971	0	9	0
2625	317.0006	0	9	0
2630	317.0041	0	9	0
2635	317.0076	0	9	0
2640	317.0110	0	9	0
2645	317.0145	0	9	0
2650	317.0180	0	9	0
2655	317.0215	0	9	0
2660	317.0249	0	9	0
2665	317.0284	0	9	0
2670	317.0319	0	9	0
2675	317.0363	0	9	0
2680	317.0420	0	9	0
2685	317.0477	0	9	0
2690	317.0535	0	9	0
2695	317.0592	0	9	0
2700	317.0649	0	9	0
2705	317.0707	0	9	0
2710	317.0764	0	9	0
2715	317.0821	0	9	0
2720	317.0878	0	9	0
2725	317.0927	0	9	0
2730	317.0974	0	9	0
2735	317.1020	0	9	0
2740	317.1067	0	9	0
2745	317.1113	0	9	0
2750	317.1160	0	9	0
2755	317.1206	0	9	0
2760	317.1253	0	9	0
2765	317.1299	0	9	0
2770	317.1368	0	9	0
2775	317.1442	0	9	0
2780	317.1517	0	9	0
2785	317.1591	0	9	0
2790	317.1665	0	9	0
2795	317.1740	0	9	0
2800	317.1814	0	9	0
2805	317.1888	0	9	0
2810	317.1963	0	9	0
2815	317.2037	0	9	0
2820	317.2111	0	9	0
2825	317.2186	0	9	0
2830	317.2260	0	9	0
2835	317.2334	0	9	0
2840	317.2409	0	9	0
2845	317.2483	0	9	0
2850	317.2557	0	9	0
2855	317.2632	0	9	0
2860	317.2706	0	9	0
2865	317.2780	0	9	0
2870	317.2855	0	9	0
2875	317.2929	0	9	0
2880	317.3004	0	9	0
2885	317.3078	0	9	0
2890	317.3153	0	9	0
2895	317.3227	0	9	0
2900	317.3302	0	9	0
2905	317.3376	0	9	0
2910	317.3451	0	9	0
2915	317.3525	0	9	0
2920	317.3600	0	9	0
2925	317.3674	0	9	0
2930	317.3749	0	9	0
2935	317.3823	0	9	0
2940	317.3898	0	9	0
2945	317.3972	0	9	0
2950	317.4047	0	9	0
2955	317.4121	0	9	0
2960	317.4196	0	9	0
2965	317.4270	0	9	0
2970	317.4345	0	9	0
2975	317.4419	0	9	0
2980	317.4494	0	9	0
2985	317.4568	0	9	0
2990	317.4643	0	9	0
2995	317.4717	0	9	0
3000	317.4792	0	9	0
